0,1.000000
1,1.033498
2,0.999048
3,1.032512
4,0.998095
5,0.998095
6,0.998095
7,0.998095
8,0.998095
9,0.998095
10,0.998095
11,0.998095
12,0.998095
13,1.031527
14,0.997143
15,1.030542
16,0.996190
17,1.029557
18,1.028571
19,0.994286
20,0.994286
21,1.027586
22,0.993333
23,1.026601
24,0.992381
25,1.025616
26,1.024631
27,0.990476
28,1.023645
29,0.989524
30,1.022660
31,1.021675
32,1.020690
33,0.986667
34,0.986667
35,1.019704
36,0.986667
37,1.019704
38,0.986667
39,1.019704
40,1.018719
41,0.984762
42,1.017734
43,0.983810
44,1.016749
45,0.982857
46,0.982857
47,0.982857
48,0.952995
49,0.984762
50,0.954839
51,0.986667
52,0.987619
53,0.988571
54,0.928571
55,0.930357
56,0.855510
57,0.859592
58,0.819305
59,0.803759
60,0.831660
61,0.816541
62,0.866667
63,0.849421
64,0.877778
65,0.883333
66,0.913469
67,0.918367
68,0.897619
69,0.953782
70,0.906349
71,0.963025
72,0.940408
73,0.919048
74,0.950204
75,0.929365
76,0.960000
77,0.938889
78,0.997479
79,0.973878
80,0.977959
81,1.010084
82,0.985306
83,1.046753
84,0.991020
85,1.052814
86,0.996735
87,1.059740
88,1.031933
89,1.064069
90,1.034454
91,1.033613
92,1.063203
93,1.029412
94,1.056277
95,1.022689
96,1.049351
97,1.016807
98,1.044156
99,1.011765
100,1.010084
101,1.038961
102,0.979592
103,1.006723
104,0.978776
105,0.977959
106,0.978776
107,1.006723
108,1.005042
109,0.976327
110,1.003361
111,0.974694
112,1.031169
113,1.000840
114,0.972245
115,1.029437
116,0.999160
117,1.027706
118,0.970612
119,0.944444
120,0.946825
121,1.001681
122,0.974694
123,1.003361
124,0.976327
125,1.066071
126,1.097696
127,1.095853
128,1.128571
129,1.125714
130,1.121905
131,1.196939
132,1.150739
133,1.146798
134,1.141872
135,1.136946
136,1.096190
137,1.128079
138,1.123153
139,1.156122
140,1.148980
141,1.103448
142,1.136735
143,1.092611
144,1.124490
145,1.080788
146,1.074877
147,1.070936
148,1.066010
149,1.060099
150,1.056158
151,1.051232
152,1.047291
153,1.041379
154,1.034483
155,1.027586
156,1.022660
157,1.016749
158,1.011823
159,1.005911
160,1.002956
161,1.000985
162,0.999015
163,0.998030
164,0.997044
165,0.933641
166,0.789189
167,0.816667
168,0.780451
169,0.807722
170,0.793233
171,0.820077
172,0.805263
173,0.812030
174,0.840927
175,0.826316
176,0.854826
177,0.839850
178,0.868726
179,0.875676
180,0.905556
181,0.911111
182,0.892664
183,0.923016
184,0.904247
185,0.887218
186,0.893985
187,0.924324
188,0.930502
189,0.936680
190,0.918797
191,0.949807
192,0.931579
193,0.988889
194,0.994444
195,0.973745
196,1.006349
197,0.960150
198,0.992278
199,0.998456
200,0.977444
201,1.003861
202,0.978947
203,1.031746
204,1.003861
205,1.030159
206,0.976692
207,1.029365
208,1.027778
209,1.000000
210,1.026190
211,0.972932
212,1.025397
213,0.997683
214,1.024603
215,0.997683
216,0.998456
217,1.025397
218,0.998456
219,0.998456
220,0.997683
221,1.023810
222,0.996139
223,1.023016
224,0.995367
225,0.994595
226,1.021429
227,0.993050
228,0.993822
229,0.994595
230,1.021429
231,0.994595
232,1.020635
233,0.993050
234,1.048163
235,1.045714
236,0.989189
237,1.043265
238,0.987645
239,1.014286
240,1.014286
241,1.012698
242,0.986100
243,0.986873
244,1.013492
245,0.986873
246,1.012698
247,1.012698
248,1.040000
249,1.039184
250,0.983012
251,1.009524
252,0.983012
253,1.009524
254,1.008730
255,1.007937
256,1.096970
257,1.126786
258,1.090043
259,1.086580
260,1.052101
261,1.081385
262,1.077922
263,1.014694
264,1.072727
265,1.010612
266,1.068398
267,1.035294
268,1.032773
269,1.062338
270,1.030252
271,1.058009
272,1.026050
273,1.053680
274,1.021008
275,1.049351
276,1.046753
277,1.013445
278,1.040693
279,1.008403
280,1.035498
281,1.003361
282,1.001681
283,1.030303
284,1.028571
285,1.056250
286,1.021645
287,1.049107
288,1.045536
289,1.074654
290,1.070046
291,1.035714
292,1.035714
293,1.101905
294,1.064516
295,1.029464
296,1.095238
297,1.058065
298,1.088571
299,1.051613
300,1.047926
301,1.046083
302,1.077143
303,0.950420
304,0.900000
305,0.926531
306,0.879537
307,0.905556
308,0.907937
309,0.885714
310,0.912698
311,0.891120
312,0.917460
313,0.895753
314,0.922222
315,0.900386
316,0.926984
317,0.928571
318,0.930952
319,0.933333
320,0.911969
321,0.939683
322,0.918147
323,0.946825
324,0.925869
325,0.906767
326,0.935135
327,0.915038
328,0.945174
329,0.949807
330,0.979365
331,0.958301
332,0.988889
333,0.967568
334,0.998413
335,0.976062
336,0.955639
337,1.013492
338,0.963158
339,1.016667
340,0.990734
341,1.017460
342,0.990734
343,0.991506
344,1.018254
345,0.991506
346,1.018254
347,0.991506
348,1.018254
349,0.966165
350,0.992278
351,0.967669
352,0.945055
353,0.971429
354,0.948718
355,0.974436
356,0.951648
357,0.977444
358,0.954579
359,1.006178
360,0.979699
361,0.980451
362,0.980451
363,0.956777
364,0.982707
365,0.959707
366,0.985714
367,0.962637
368,0.964103
369,0.990977
370,0.967033
371,0.992481
372,0.969231
373,0.994737
374,0.971429
375,0.997744
376,0.999248
377,1.000000
378,0.975824
379,0.978022
380,1.004511
381,0.980952
382,1.007519
383,0.983883
384,1.009774
385,1.037066
386,0.984615
387,1.009774
388,0.984615
389,1.009774
390,1.009774
391,1.009023
392,0.983883
393,0.983883
394,1.010526
395,0.985348
396,0.986081
397,0.962857
398,1.012782
399,0.987546
400,1.012782
401,0.987546
402,1.012782
403,1.012030
404,0.986813
405,0.986813
406,0.963571
407,0.988278
408,0.965000
409,0.965714
410,0.967143
411,0.992674
412,1.045560
413,1.017293
414,1.043243
415,1.015789
416,1.069841
417,1.013534
418,1.039382
419,1.012030
420,0.987546
421,1.039382
422,0.986813
423,1.012030
424,0.986813
425,1.012782
426,1.039382
427,1.011278
428,1.010526
429,1.065079
430,1.034749
431,1.006767
432,1.031660
433,1.004511
434,1.030116
435,1.003008
436,1.002256
437,1.028571
438,1.001504
439,1.027027
440,0.999248
441,1.023938
442,0.996241
443,1.020849
444,1.018533
445,0.990226
446,1.015444
447,0.989474
448,1.015444
449,0.989474
450,1.015444
451,0.990226
452,1.016216
453,1.016216
454,1.015444
455,1.013900
456,0.987970
457,1.040476
458,0.985714
459,1.010811
460,1.010039
461,0.984211
462,1.010039
463,0.983459
464,1.010811
465,0.984962
466,1.010811
467,0.984962
468,1.010811
469,0.984962
470,1.010811
471,1.010039
472,0.984211
473,1.010039
474,0.984211
475,1.037302
476,1.009266
477,0.982707
478,1.009266
479,0.983459
480,1.009266
481,1.009266
482,1.008494
483,1.008494
484,1.034921
485,1.006950
486,1.033333
487,1.005405
488,0.979699
489,1.006178
490,0.980451
491,1.006178
492,1.006950
493,1.033333
494,0.979699
495,1.006178
496,1.005405
497,1.032540
498,1.003861
499,0.978195
500,1.003861
501,0.978195
502,1.003861
503,0.978195
504,0.978195
505,1.004633
506,0.978947
507,1.004633
508,0.978947
509,1.004633
510,0.979699
511,1.006178
512,1.005405
513,1.005405
514,1.004633
515,0.978947
516,1.005405
517,1.005405
518,1.032540
519,1.091597
520,1.121212
521,1.188940
522,1.147321
523,1.141964
524,1.173272
525,1.166820
526,1.125893
527,1.156682
528,1.116964
529,1.146544
530,1.106250
531,1.069264
532,1.066667
533,1.032773
534,1.059740
535,0.997551
536,1.023529
537,0.992653
538,1.018487
539,1.045022
540,1.011765
541,1.038095
542,1.005042
543,1.001681
544,0.999160
545,0.968163
546,0.966531
547,0.938889
548,0.964082
549,0.911969
550,0.339592
551,0.358095
552,0.417325
553,0.467652
554,0.501361
555,0.549729
556,0.588346
557,0.604887
558,0.621429
559,0.672222
560,0.688492
561,0.723673
562,0.739592
563,0.755102
564,0.781781
565,0.808403
566,0.847186
567,0.861472
568,0.915646
569,0.915179
570,0.942404
571,0.941071
572,0.939780
573,0.953407
574,0.967473
575,0.995982
576,1.009821
577,1.023214
578,1.036607
579,1.050000
580,1.062946
581,1.059780
582,1.072527
583,1.085714
584,1.114732
585,1.080000
586,1.046753
587,1.034632
588,1.025541
589,1.002985
590,0.997868
591,1.008658
592,0.975630
593,0.958592
594,0.918651
595,0.839783
596,0.803787
597,0.817770
598,0.803061
599,0.798992
600,0.823408
601,0.819728
602,0.845296
603,0.841997
604,0.868783
605,0.875132
606,0.891786
607,0.908137
608,0.902143
609,0.918626
610,0.912857
611,0.918571
612,0.924286
613,0.918871
614,0.936071
615,0.930511
616,1.049603
617,1.446154
618,1.658413
619,1.376720
620,1.322959
621,1.273399
622,1.208431
623,1.266995
624,1.353968
625,1.347090
626,1.365499
627,1.409524
628,1.426857
629,1.534783
630,1.482675
631,1.524444
632,1.534416
633,1.542857
634,1.550340
635,1.487708
636,1.530314
637,1.466667
638,1.509286
639,1.480000
640,1.416028
641,1.422857
642,1.361672
643,1.401465
644,1.338571
645,1.342857
646,1.280714
647,1.283516
648,1.284962
649,1.221978
650,1.221805
651,1.137857
652,1.157509
653,1.153114
654,1.087805
655,1.077352
656,1.040816
657,1.052265
658,1.016327
659,1.032056
660,0.999320
661,1.015331
662,0.985034
663,1.002787
664,0.976190
665,0.995819
666,0.970068
667,0.968707
668,1.015000
669,0.966667
670,1.038095
671,1.011429
672,1.061654
673,1.033700
674,1.059398
675,1.084942
676,1.082625
677,1.139592
678,1.105556
679,1.165546
680,1.128980
681,1.094444
682,1.154622
683,1.119184
684,1.115918
685,1.083333
686,1.110204
687,1.076984
688,1.104490
689,1.131092
690,1.093878
691,1.119328
692,1.082449
693,1.076735
694,1.071837
695,1.037302
696,1.006178
697,1.002317
698,1.026190
699,0.969173
700,0.942857
701,0.964662
702,0.986873
703,0.935531
704,0.957143
705,0.910000
706,0.932601
707,0.889199
708,0.870068
709,0.915000
710,0.874830
711,0.898955
712,0.882313
713,0.866445
714,0.872425
715,0.897959
716,0.923345
717,0.906803
718,0.955714
719,0.936585
720,0.962857
721,0.943554
722,0.994139
723,0.972857
724,0.954007
725,1.005861
726,0.961672
727,0.989286
728,0.969338
729,1.048120
730,1.204329
731,1.276498
732,1.270968
733,1.307619
734,1.258986
735,1.251613
736,1.245161
737,1.239631
738,1.272381
739,1.224885
740,1.216590
741,1.209217
742,1.200000
743,1.189862
744,1.181567
745,1.171429
746,1.162212
747,1.152074
748,1.141014
749,1.129954
750,1.119816
751,1.110599
752,1.100461
753,1.092166
754,1.082949
755,1.074654
756,1.065438
757,1.058065
758,1.049770
759,1.040553
760,1.033180
761,1.023963
762,1.015668
763,1.006452
764,1.000000
765,0.998157
766,0.998157
767,0.998157
768,0.999078
769,0.999078
770,0.999078
771,0.999078
772,0.999078
773,1.000000
774,1.000000
775,1.032381
776,0.999078
777,0.999078
778,0.999078
779,0.999078
780,0.999078
781,0.999078
782,0.999078
783,0.999078
784,0.999078
785,0.999078
786,0.999078
787,0.940260
788,0.970536
789,0.942857
790,0.973214
791,0.945455
792,0.947186
793,0.948918
794,0.950649
795,0.952381
796,0.954113
797,0.955844
798,0.957576
799,0.959307
800,0.990179
801,0.961905
802,0.992857
803,0.964502
804,0.995536
805,0.967100
806,0.998214
807,0.969697
808,0.971429
809,1.002679
810,0.974892
811,1.006250
812,0.977489
813,0.979221
814,0.980952
815,1.012500
816,0.983550
817,1.015179
818,1.016071
819,0.987013
820,0.988745
821,0.990476
822,0.990476
823,0.991342
824,1.021429
825,0.991342
826,0.991342
827,1.021429
828,0.990476
829,1.020536
830,0.989610
831,1.019643
832,0.988745
833,1.018750
834,0.987879
835,0.988745
836,0.988745
837,0.961345
838,0.990476
839,0.963025
840,0.992208
841,0.993074
842,0.993074
843,0.993074
844,0.965546
845,0.994805
846,0.967227
847,0.996537
848,0.968067
849,0.968908
850,0.999134
851,0.970588
852,0.972269
853,0.973950
854,0.974790
855,0.975630
856,1.005195
857,1.005195
858,0.976471
859,1.006926
860,0.978151
861,1.007792
862,0.979832
863,1.009524
864,0.981513
865,1.011255
866,0.983193
867,0.984034
868,1.014719
869,0.985714
870,1.015584
871,0.986555
872,1.015584
873,0.986555
874,1.015584
875,0.986555
876,0.987395
877,1.017316
878,0.988235
879,0.934921
880,0.889474
881,0.892481
882,0.896241
883,0.876923
884,0.903008
885,0.906767
886,0.909774
887,0.890110
888,0.916541
889,0.919549
890,0.899634
891,0.927068
892,0.907692
893,0.934586
894,0.915018
895,0.918681
896,0.946617
897,0.974517
898,0.952632
899,0.955639
900,0.959398
901,0.962406
902,0.965414
903,0.945055
904,0.972932
905,0.952381
906,0.980451
907,0.959707
908,0.987970
909,0.991729
910,0.994737
911,1.023938
912,1.000752
913,1.003759
914,1.005263
915,1.005263
916,1.005263
917,0.980220
918,1.005263
919,0.980220
920,1.006015
921,0.980952
922,0.980952
923,0.981685
924,1.007519
925,1.006767
926,1.033205
927,1.031660
928,1.004511
929,1.030116
930,1.028571
931,1.001504
932,1.002256
933,1.028571
934,1.001504
935,1.027799
936,1.027027
937,1.053968
938,1.051587
939,1.022394
940,1.020849
941,0.993985
942,1.019305
943,0.992481
944,0.967766
945,0.993233
946,0.969231
947,0.969963
948,0.995489
949,0.995489
950,0.995489
951,1.021622
952,1.020077
953,0.993233
954,1.018533
955,0.967033
956,0.991729
957,0.966300
958,0.990977
959,0.942857
960,0.944286
961,0.969963
962,0.971429
963,0.972161
964,0.998496
965,0.999248
966,0.974359
967,1.000000
968,0.975824
969,1.001504
970,0.977289
971,0.955000
972,1.006767
973,0.983150
974,1.009774
975,0.985348
976,1.037838
977,1.011278
978,1.037838
979,1.036293
980,1.009023
981,1.034749
982,1.006767
983,1.033205
984,1.006015
985,1.006015
986,1.033205
987,1.033205
988,1.032432
989,1.006015
990,1.005263
991,1.005263
992,1.058730
993,1.057143
994,1.000000
995,1.024710
996,0.996992
997,1.022394
998,0.969963
999,0.995489
1000,0.970696
1001,1.021622
1002,0.994737
1003,0.993985
1004,1.020077
1005,0.992481
1006,1.016988
1007,0.990226
1008,1.042857
1009,0.987970
1010,1.040476
1011,1.012355
1012,0.985714
1013,1.012355
1014,0.986466
1015,1.039683
1016,1.011583
1017,1.010811
1018,1.010811
1019,1.037302
1020,1.035714
1021,1.007722
1022,1.034921
1023,1.006950
1024,1.033333
1025,1.004633
1026,1.003861
1027,1.031746
1028,1.004633
1029,1.030952
1030,1.003089
1031,1.057959
1032,1.027778
1033,1.053878
1034,1.023016
1035,1.048980
1036,1.019048
1037,1.045714
1038,1.015079
1039,0.987645
1040,1.013492
1041,0.986100
1042,1.011905
1043,0.985328
1044,1.039184
1045,1.010317
1046,1.009524
1047,1.035918
1048,1.006349
1049,1.032653
1050,1.003968
1051,1.031020
1052,1.001587
1053,1.000794
1054,0.974517
1055,0.975290
1056,1.001587
1057,0.975290
1058,1.001587
1059,1.001587
1060,1.028571
1061,1.026939
1062,0.998413
1063,1.025306
1064,1.053782
1065,1.082251
1066,1.049580
1067,1.078788
1068,1.046218
1069,1.075325
1070,1.042857
1071,1.041176
1072,1.040336
1073,1.069264
1074,1.065801
1075,1.063203
1076,1.059740
1077,1.057143
1078,1.053680
1079,1.051948
1080,1.019328
1081,1.047619
1082,1.015966
1083,1.044156
1084,1.012605
1085,1.010924
1086,1.039827
1087,1.007563
1088,1.035498
1089,1.032035
1090,1.059821
1091,1.025108
1092,1.052679
1093,1.018182
1094,1.015584
1095,1.013853
1096,1.012121
1097,0.980672
1098,0.979832
1099,1.008658
1100,0.979832
1101,1.008658
1102,0.979832
1103,1.008658
1104,1.008658
1105,1.007792
1106,1.006926
1107,0.977311
1108,1.006926
1109,0.978151
1110,0.978992
1111,0.979832
1112,0.980672
1113,1.010390
1114,0.981513
1115,1.010390
1116,0.981513
1117,1.010390
1118,1.010390
1119,1.040179
1120,1.007792
1121,1.007792
